%YAML:1.0
calibration_time: "04/12/15 18:11:51"
image_width: 640
image_height: 480
board_width: 9
board_height: 6
square_size: 2.6000000536441803e-002
flags: 0
camera_matrix: !!opencv-matrix
   rows: 3
   cols: 3
   dt: d
   data: [ 6.6811250629325014e+002, 0., 3.4145726377558509e+002, 0.,
       6.6847654314274882e+002, 2.4408371602715093e+002, 0., 0., 1. ]
distortion_coefficients: !!opencv-matrix
   rows: 5
   cols: 1
   dt: d
   data: [ 3.4665778228909143e-002, -3.9874871128194078e-001,
       2.0872292970668181e-003, -1.9049976445557168e-003,
       6.2556357322509160e-001 ]
avg_reprojection_error: 1.8637809017575432e-001
image_points: !!opencv-matrix
   rows: 10
   cols: 54
   dt: "2f"
   data: [ 2.30661011e+002, 5.88425369e+001, 2.65226013e+002,
       5.81250534e+001, 3.00067108e+002, 5.76453056e+001,
       3.34875092e+002, 5.69988365e+001, 3.69518829e+002,
       5.63949623e+001, 4.04142242e+002, 5.57819748e+001,
       4.38917114e+002, 5.53104401e+001, 4.73637360e+002,
       5.47022438e+001, 5.08096893e+002, 5.43782692e+001,
       2.27811722e+002, 8.28115540e+001, 2.63603760e+002,
       8.24096146e+001, 2.99367798e+002, 8.16352921e+001,
       3.35405457e+002, 8.10095978e+001, 3.70763977e+002,
       8.05693970e+001, 4.06615326e+002, 7.95875473e+001,
       4.42569336e+002, 7.93230362e+001, 4.77949005e+002,
       7.87556152e+001, 5.13494019e+002, 7.83344116e+001,
       2.25101471e+002, 1.08663361e+002, 2.61708618e+002,
       1.08220367e+002, 2.98569336e+002, 1.07520309e+002,
       3.35522247e+002, 1.06823616e+002, 3.72380066e+002,
       1.06389786e+002, 4.09210876e+002, 1.05647644e+002,
       4.46144745e+002, 1.04816010e+002, 4.82905579e+002,
       1.04094810e+002, 5.19575867e+002, 1.03662308e+002,
       2.21929413e+002, 1.36210022e+002, 2.59838318e+002,
       1.35665558e+002, 2.97758667e+002, 1.35060303e+002,
       3.35909058e+002, 1.34464401e+002, 3.73935120e+002,
       1.33680206e+002, 4.11844696e+002, 1.33083084e+002,
       4.50216919e+002, 1.32472153e+002, 4.87909027e+002,
       1.31652313e+002, 5.25785461e+002, 1.31059784e+002,
       2.18630569e+002, 1.65488190e+002, 2.57790375e+002,
       1.64919205e+002, 2.97062683e+002, 1.64193451e+002,
       3.36556427e+002, 1.63593826e+002, 3.75506531e+002,
       1.63060394e+002, 4.14961273e+002, 1.62109970e+002,
       4.54394440e+002, 1.61341919e+002, 4.93405945e+002,
       1.60743988e+002, 5.32310974e+002, 1.60411758e+002,
       2.15315033e+002, 1.97103027e+002, 2.55663605e+002,
       1.96152542e+002, 2.96365631e+002, 1.95647430e+002,
       3.36706390e+002, 1.94830017e+002, 3.77438690e+002,
       1.93850494e+002, 4.17897003e+002, 1.93394516e+002,
       4.58608307e+002, 1.92577866e+002, 4.98912750e+002,
       1.91914444e+002, 5.39479309e+002, 1.91033493e+002,
       9.35227051e+001, 5.42275314e+001, 1.29865585e+002,
       4.92818375e+001, 1.65955292e+002, 4.48840866e+001,
       2.02135178e+002, 4.05429535e+001, 2.37411545e+002,
       3.64472084e+001, 2.72557068e+002, 3.22508698e+001,
       3.07196289e+002, 2.78907928e+001, 3.41543060e+002,
       2.40661507e+001, 3.75061890e+002, 1.98758030e+001,
       9.30656433e+001, 7.87914429e+001, 1.30515945e+002,
       7.40526886e+001, 1.67651596e+002, 6.94645004e+001,
       2.04859833e+002, 6.47138519e+001, 2.41168396e+002,
       6.03193588e+001, 2.77156799e+002, 5.54293213e+001,
       3.13087616e+002, 5.13402443e+001, 3.48011108e+002,
       4.72141533e+001, 3.82831543e+002, 4.30290222e+001,
       9.25989151e+001, 1.05492065e+002, 1.31319931e+002,
       1.00450317e+002, 1.69495819e+002, 9.54156342e+001,
       2.07607162e+002, 9.05525513e+001, 2.45297684e+002,
       8.58530045e+001, 2.82318909e+002, 8.09280624e+001,
       3.18944397e+002, 7.62343674e+001, 3.55313049e+002,
       7.14969177e+001, 3.90805634e+002, 6.73593292e+001,
       9.21090622e+001, 1.33833374e+002, 1.31753540e+002,
       1.28508072e+002, 1.71704971e+002, 1.23268562e+002,
       2.10710968e+002, 1.18120872e+002, 2.49443405e+002,
       1.12712791e+002, 2.87676300e+002, 1.07831581e+002,
       3.25596008e+002, 1.03260635e+002, 3.62658417e+002,
       9.79824982e+001, 3.99480011e+002, 9.32088470e+001,
       9.15237579e+001, 1.64198929e+002, 1.32775681e+002,
       1.58567978e+002, 1.73711914e+002, 1.52899078e+002,
       2.14330139e+002, 1.47277771e+002, 2.54108246e+002,
       1.41753403e+002, 2.93495209e+002, 1.36493195e+002,
       3.32389404e+002, 1.30773865e+002, 3.70808197e+002,
       1.25824547e+002, 4.08435822e+002, 1.20836685e+002,
       9.12941895e+001, 1.96656265e+002, 1.33893723e+002,
       1.90299026e+002, 1.76034241e+002, 1.84531693e+002,
       2.17646606e+002, 1.78390411e+002, 2.59074890e+002,
       1.72472549e+002, 2.99545410e+002, 1.66888428e+002,
       3.39723389e+002, 1.61081192e+002, 3.79099701e+002,
       1.55645813e+002, 4.18217346e+002, 1.49832489e+002,
       7.06529388e+001, 6.70810776e+001, 1.07625412e+002,
       6.24741783e+001, 1.43806122e+002, 5.81776085e+001,
       1.80160217e+002, 5.42452354e+001, 2.15585480e+002,
       5.00978088e+001, 2.50671112e+002, 4.60171509e+001,
       2.85305664e+002, 4.20853233e+001, 3.19388824e+002,
       3.82665138e+001, 3.52673615e+002, 3.44398232e+001,
       7.00551147e+001, 9.16342163e+001, 1.07817337e+002,
       8.69323807e+001, 1.45366302e+002, 8.25892715e+001,
       1.82774765e+002, 7.79494705e+001, 2.19145096e+002,
       7.38024826e+001, 2.55268326e+002, 6.90866928e+001,
       2.90940643e+002, 6.49599152e+001, 3.25799683e+002,
       6.13095779e+001, 3.60374603e+002, 5.72980118e+001,
       6.95951080e+001, 1.18116486e+002, 1.08431076e+002,
       1.12905891e+002, 1.47106400e+002, 1.08325111e+002,
       1.85463409e+002, 1.03517944e+002, 2.23117798e+002,
       9.87974777e+001, 2.60388794e+002, 9.42303314e+001,
       2.96996429e+002, 8.96609802e+001, 3.32959534e+002,
       8.52137833e+001, 3.68220917e+002, 8.11291428e+001,
       6.85811081e+001, 1.46365417e+002, 1.09067070e+002,
       1.41230698e+002, 1.49161224e+002, 1.35836655e+002,
       1.88518524e+002, 1.30901550e+002, 2.27373932e+002,
       1.25579971e+002, 2.65607605e+002, 1.20869080e+002,
       3.03489990e+002, 1.16416901e+002, 3.40401398e+002,
       1.11457611e+002, 3.76776825e+002, 1.06663773e+002,
       6.76980362e+001, 1.76573303e+002, 1.09848511e+002,
       1.70962387e+002, 1.50920227e+002, 1.65269745e+002,
       1.91815430e+002, 1.59912872e+002, 2.31816788e+002,
       1.54521606e+002, 2.71516693e+002, 1.49340240e+002,
       3.10095612e+002, 1.43579773e+002, 3.48348450e+002,
       1.38836258e+002, 3.85548676e+002, 1.33881195e+002,
       6.73780212e+001, 2.09384491e+002, 1.10217194e+002,
       2.02732391e+002, 1.53145996e+002, 1.96855759e+002,
       1.95180344e+002, 1.90710342e+002, 2.36760773e+002,
       1.84919540e+002, 2.77431427e+002, 1.79403168e+002,
       3.17592224e+002, 1.73702454e+002, 3.56659180e+002,
       1.68445404e+002, 3.95383789e+002, 1.62502319e+002,
       4.35741882e+001, 2.07192429e+002, 8.03723984e+001,
       2.04748703e+002, 1.17126556e+002, 2.02838318e+002,
       1.52961258e+002, 2.01355789e+002, 1.88205704e+002,
       1.99311844e+002, 2.22807343e+002, 1.97623566e+002,
       2.56421509e+002, 1.95872818e+002, 2.89396423e+002,
       1.94360291e+002, 3.21378021e+002, 1.92483032e+002,
       3.96525383e+001, 2.31260178e+002, 7.81204300e+001,
       2.28760452e+002, 1.15867737e+002, 2.26594437e+002,
       1.53442703e+002, 2.24327499e+002, 1.89897156e+002,
       2.22377777e+002, 2.25748001e+002, 2.19794113e+002,
       2.60589813e+002, 2.18035156e+002, 2.94347961e+002,
       2.16164734e+002, 3.27581696e+002, 2.14369263e+002,
       3.58248558e+001, 2.57306793e+002, 7.57325745e+001,
       2.54669113e+002, 1.15040031e+002, 2.51754135e+002,
       1.53874130e+002, 2.49468750e+002, 1.91731018e+002,
